<?xml version="1.0" encoding="UTF-8"?>
<map version="1.10" tiledversion="1.10.2" orientation="orthogonal" renderorder="right-down" width="32" height="32" tilewidth="32" tileheight="32" infinite="0" nextlayerid="3" nextobjectid="380">
 <tileset firstgid="1" source="tile_atlas.tsx"/>
 <layer id="1" name="ground" width="32" height="32">
  <data encoding="csv">
0,0,0,0,0,0,0,0,0,0,0,0,0,420,354,424,353,396,322,355,260,324,400,356,388,257,354,354,355,464,323,400,
0,0,0,0,0,0,0,0,0,0,0,0,0,432,452,324,452,396,291,292,396,355,354,424,452,400,259,464,324,324,396,353,
0,0,0,0,0,0,0,0,0,0,0,0,0,321,432,400,432,428,353,323,290,323,259,464,396,428,432,356,323,464,322,290,
0,0,0,29,30,31,32,0,0,0,0,0,0,257,257,353,460,354,324,323,452,420,259,290,354,257,353,321,324,354,428,323,
0,0,0,61,62,63,64,0,0,0,0,0,0,420,388,292,400,355,388,354,396,452,355,400,388,260,432,353,356,323,460,388,
0,0,0,93,94,95,96,0,0,0,0,0,0,259,452,289,258,424,420,289,291,260,259,291,353,424,323,424,290,353,424,322,
0,0,0,125,126,127,128,0,0,0,0,0,0,292,353,355,356,292,388,356,324,258,354,452,428,464,291,424,259,460,324,396,
0,0,0,0,0,0,0,0,0,0,0,0,0,356,292,324,289,321,356,324,353,388,258,432,353,323,424,260,321,400,452,396,
0,0,0,0,0,0,0,0,0,0,0,0,0,322,356,355,290,292,260,464,260,291,321,257,257,322,354,323,432,291,460,324,
0,0,0,0,0,0,0,0,0,0,0,0,0,460,460,324,420,289,432,321,356,289,324,323,292,432,323,432,356,353,452,388,
0,0,0,0,0,0,0,0,0,0,0,0,0,355,432,396,356,289,290,322,354,353,291,289,259,259,260,424,291,324,396,464,
0,0,0,0,0,0,0,0,0,0,0,0,0,354,292,396,324,354,460,322,452,292,321,260,428,322,354,260,321,424,260,464,
0,0,0,0,0,0,0,0,0,0,0,0,0,460,420,464,257,291,388,323,464,260,353,290,292,388,321,324,355,289,452,428,
464,324,257,420,323,259,400,388,396,322,353,324,388,354,428,420,432,464,396,388,291,259,354,432,356,292,428,289,323,356,428,353,
432,396,292,258,396,424,353,259,400,321,432,321,353,356,289,452,396,353,259,321,356,424,460,424,259,396,291,292,257,354,452,400,
259,322,260,460,324,260,257,323,424,258,260,388,428,321,259,353,290,388,452,258,322,388,290,356,464,257,258,290,322,428,388,388,
428,353,432,324,355,396,324,388,258,420,396,353,356,291,322,355,432,289,324,420,322,432,292,292,289,452,289,323,289,464,396,400,
292,388,432,420,388,323,289,396,292,400,460,321,460,424,396,353,354,355,353,432,257,460,292,388,464,428,323,420,289,289,323,355,
323,323,354,321,289,291,324,388,356,356,323,356,322,321,260,428,428,464,289,355,324,322,464,428,460,464,388,428,355,260,420,355,
460,292,354,420,400,289,424,353,460,290,400,420,460,259,464,258,424,400,259,323,388,452,432,353,355,257,424,420,321,356,420,322,
460,322,289,424,323,292,322,452,324,259,324,428,420,324,257,432,323,259,354,258,322,292,460,396,356,322,396,259,321,400,424,290,
388,428,388,420,354,323,289,464,353,324,355,258,257,321,432,290,259,258,428,260,424,323,353,420,464,356,356,291,290,424,428,322,
400,355,290,324,323,289,353,420,322,452,356,460,354,321,324,355,420,354,388,432,258,355,388,355,428,260,356,260,291,460,355,289,
400,353,322,291,460,291,428,452,424,452,289,356,356,291,432,292,400,322,259,258,324,420,388,432,424,354,396,292,400,289,353,323,
432,258,388,257,432,460,355,464,323,420,258,353,400,432,460,324,432,355,432,424,420,324,354,420,324,321,323,354,356,322,353,464,
432,353,354,289,257,460,420,289,292,259,290,289,323,464,259,322,460,260,353,396,322,257,322,460,323,290,464,396,452,258,259,428,
291,260,324,353,324,353,259,322,323,354,356,452,258,260,321,259,322,260,354,322,388,400,292,291,396,353,289,428,356,324,353,428,
353,323,291,432,289,259,292,460,424,322,322,324,324,388,323,464,388,353,259,259,464,260,290,322,356,356,260,289,323,464,396,322,
460,354,452,420,396,292,353,355,353,424,464,460,260,355,420,452,321,432,322,355,321,464,396,353,464,356,432,356,356,424,292,290,
257,396,400,464,464,324,396,428,321,257,354,428,260,460,289,260,258,356,321,464,460,292,323,321,452,260,324,354,356,323,291,424,
260,323,420,354,259,257,396,396,260,464,420,257,428,323,260,291,259,322,289,260,353,322,289,354,260,400,460,260,424,428,396,321,
400,289,292,259,354,355,354,353,321,354,400,432,290,259,324,388,464,355,289,260,464,324,460,452,356,324,324,324,353,428,460,258
</data>
 </layer>
 <objectgroup id="2" name="collision">
  <object id="367" x="96" y="96" width="32" height="32"/>
  <object id="368" x="128" y="96" width="32" height="32"/>
  <object id="369" x="160" y="96" width="32" height="32"/>
  <object id="370" x="192" y="96" width="32" height="32"/>
  <object id="371" x="192" y="128" width="32" height="14"/>
  <object id="372" x="208" y="160" width="16" height="32"/>
  <object id="373" x="208" y="192" width="16" height="32"/>
  <object id="374" x="128" y="128" width="32" height="14"/>
  <object id="376" x="160" y="128" width="32" height="14"/>
  <object id="377" x="96" y="128" width="32" height="14"/>
  <object id="378" x="96" y="160" width="16" height="32"/>
  <object id="379" x="96" y="192" width="16" height="32"/>
 </objectgroup>
 <objectgroup id="3" name="positions">
  <object id="213" name="start_position" x="96" y="64" width="32" height="32"/>
 </objectgroup>
</map>
